# oST version 5.0 parameters


[image]

width
4024

height
3036

[narrow_stereo]

camera matrix
4335.397830 0.000000 1994.093738
0.000000 4347.313930 1237.209949
0.000000 0.000000 1.000000

distortion
-0.114478 0.115998 -0.018623 0.000039 0.000000

rectification
1.000000 0.000000 0.000000
0.000000 1.000000 0.000000
0.000000 0.000000 1.000000

projection
4276.125977 0.000000 1993.360029 0.000000
0.000000 4249.778809 1200.585179 0.000000
0.000000 0.000000 1.000000 0.000000
