kinematics:
  shoulder:
    x: 0
    y: 0
    z: 0.08938937325684933
    roll: -0
    pitch: 0
    yaw: 0.02082483650358362
  upper_arm:
    x: 0.0001424684068193873
    y: 0
    z: 0
    roll: 1.569800624953196
    pitch: 0
    yaw: 0.0257079876165653
  forearm:
    x: -0.4253852894158847
    y: 0
    z: 0
    roll: 3.140651246396456
    pitch: 3.139942321515676
    yaw: 3.12890436811876
  wrist_1:
    x: -0.3924014659049074
    y: -0.001514687986450697
    z: 0.1104703577085855
    roll: 0.0137104025802274
    pitch: 0.0003327919448510287
    yaw: 0.02684456428088668
  wrist_2:
    x: 1.52965184149916e-05
    y: -0.09489763887733392
    z: 6.395762167010703e-05
    roll: 1.570122362587326
    pitch: 0
    yaw: 0.04648341321883313
  wrist_3:
    x: 0.0001178061257692605
    y: 0.08258340763298065
    z: 5.952317148793299e-05
    roll: 1.571517090963954
    pitch: 3.141592653589793
    yaw: -3.085619352261999
  hash: calib_4295564552113944461