# oST version 5.0 parameters


[image]

width
2448

height
2048

[narrow_stereo]

camera matrix
3634.920682 0.000000 802.942180
0.000000 3584.736645 947.947726
0.000000 0.000000 1.000000

distortion
-0.067801 0.143092 -0.011147 -0.037042 0.000000

rectification
1.000000 0.000000 0.000000
0.000000 1.000000 0.000000
0.000000 0.000000 1.000000

projection
3521.952148 0.000000 751.446900 0.000000
0.000000 3611.405518 935.717071 0.000000
0.000000 0.000000 1.000000 0.000000
